[dN, dE]

point1
[[ 1.73415714e-01  8.78397039e-07]
 [ 1.73415714e-01  8.78397039e-07]
 [-1.15610476e-02 -5.85598201e-08]
 [-1.15610476e-02 -5.85598201e-08]
 [-1.15610476e-02 -5.85598201e-08]
 [-1.15610476e-02 -5.85598201e-08]
 [-1.15610476e-02 -5.85598201e-08]
 [-1.15610476e-02 -5.85598201e-08]
 [-1.15610476e-02 -5.85598201e-08]
 [-1.15610476e-02 -5.85598201e-08]
 [-1.15610476e-02 -5.85598201e-08]
 [-1.15610476e-02 -5.85598201e-08]
 [-1.15610476e-02 -5.85598201e-08]
 [-1.15610476e-02 -5.85598201e-08]
 [-1.15610476e-02 -5.85598201e-08]
 [-1.15610476e-02 -5.85598201e-08]
 [-1.15610476e-02 -5.85598201e-08]
 [-1.15610476e-02 -5.85598201e-08]
 [-1.15610476e-02 -5.85598201e-08]
 [-1.15610476e-02 -5.85598201e-08]
 [-1.15610476e-02 -5.85598201e-08]
 [-1.15610476e-02 -5.85598201e-08]
 [-1.15610476e-02 -5.85598201e-08]
 [-1.15610476e-02 -5.85598201e-08]
 [-1.15610476e-02 -5.85598201e-08]
 [-1.15610476e-02 -5.85598201e-08]
 [-1.15610476e-02 -5.85598201e-08]
 [-1.15610476e-02 -5.85598201e-08]
 [-1.15610476e-02 -5.85598201e-08]
 [-1.15610476e-02 -5.85598201e-08]
 [-1.15610476e-02 -5.85598201e-08]
 [-1.15610476e-02 -5.85598201e-08]]

point2
[[ 0.15029283  0.52999947]
 [ 0.15029283  0.52999947]
 [ 0.15029283  0.52999947]
 [ 0.15029283  0.52999947]
 [ 0.15029303  0.38252141]
 [-0.03468353  0.23504311]
 [-0.03468353  0.23504311]
 [-0.03468353  0.23504311]
 [-0.03468353  0.23504311]
 [-0.03468353  0.23504311]
 [-0.03468353  0.23504311]
 [-0.03468353  0.23504311]
 [-0.03468353  0.23504311]
 [-0.03468353  0.23504311]
 [-0.03468353  0.23504311]
 [-0.03468353  0.23504311]
 [-0.03468353  0.23504311]
 [-0.03468353  0.23504311]
 [-0.03468353  0.23504311]
 [-0.03468353  0.23504311]
 [-0.03468353  0.23504311]
 [-0.03468353  0.23504311]
 [-0.03468353  0.23504311]
 [-0.03468353  0.23504311]
 [-0.03468353  0.23504311]
 [-0.03468353  0.23504311]
 [-0.03468353  0.23504311]
 [-0.03468353  0.23504311]
 [-0.03468353  0.23504311]
 [-0.03468353  0.23504311]
 [-0.0346761  -4.33677671]
 [ 0.1503001  -4.04182025]]

point3
[[-2.81272401  2.24685774]
 [-1.33291276  1.6569452 ]
 [-0.40803033  1.36198806]
 [-0.03807975  0.77208145]
 [ 0.33187533  1.06703193]
 [ 0.51684914  0.47712631]
 [ 0.51684914  0.47712631]
 [ 0.51684914  0.47712631]
 [ 0.51684914  0.47712631]
 [ 0.51684914  0.47712631]
 [ 0.51684914  0.47712631]
 [ 0.51684914  0.47712631]
 [ 0.51684914  0.47712631]
 [ 0.51684914  0.47712631]
 [ 0.51684914  0.47712631]
 [ 0.51684914  0.47712631]
 [ 0.51684914  0.47712631]
 [ 0.51684914  0.47712631]
 [ 0.51684914  0.47712631]
 [ 0.51684914  0.47712631]
 [ 0.51684914  0.47712631]
 [ 0.51684914  0.47712631]
 [ 0.51684914  0.47712631]
 [ 0.51684914  0.47712631]
 [ 0.51684914  0.47712631]
 [ 0.51684914  0.47712631]
 [ 0.51684914  0.47712631]
 [ 0.51684914  0.47712631]
 [ 0.51684914  0.47712631]
 [-2.257827   -4.68452736]
 [-1.88786948 -3.79967172]
 [-1.88786681 -3.20976688]
 [-1.33293778 -3.50472182]
 [-0.77800674 -3.35724815]]

point4
[[ 0.8959821   0.42860041]
 [ 0.3410512   0.13364949]
 [-0.02890265 -0.01382582]
 [-0.02890265 -0.01382582]
 [-0.02890265 -0.01382582]
 [-0.02890265 -0.01382582]
 [-0.02890265 -0.01382582]
 [-0.02890265 -0.01382582]
 [-0.02890265 -0.01382582]
 [-0.02890265 -0.01382582]
 [-0.02890265 -0.01382582]
 [-0.02890265 -0.01382582]
 [-0.02890265 -0.01382582]
 [-0.02890265 -0.01382582]
 [-0.02890265 -0.01382582]
 [-0.02890265 -0.01382582]
 [-0.02890265 -0.01382582]
 [-0.02890265 -0.01382582]
 [-0.02890265 -0.01382582]
 [-0.02890265 -0.01382582]
 [-0.02890265 -0.01382582]
 [-0.02890265 -0.01382582]
 [-0.02890265 -0.01382582]
 [-0.02890265 -0.01382582]
 [-0.02890265 -0.01382582]
 [-0.02890265 -0.01382582]
 [-0.39885649 -0.16130115]
 [-0.02890265 -0.01382582]
 [-0.02890265 -0.01382582]
 [-0.02890265 -0.01382582]
 [-0.02890265 -0.01382582]
 [-0.02890265 -0.01382582]]

