[dN, dE]

point1
[[ 5.54330326e-02  6.33681646e-02]
 [ 5.35832571e-02  6.48429354e-02]
 [ 4.61841482e-02  7.22167868e-02]
 [ 4.06348231e-02  7.66410920e-02]
 [ 3.50855273e-02  7.51662859e-02]
 [ 2.58367267e-02  6.77923484e-02]
 [ 1.28883846e-02  6.18931693e-02]
 [-5.99516423e-05  5.45192130e-02]
 [-1.30082789e-02  4.56704787e-02]
 [-2.04072958e-02  3.53469949e-02]
 [-2.78063283e-02  2.79730644e-02]
 [-3.15058267e-02  2.05991552e-02]
 [-3.52053159e-02  1.17504686e-02]
 [-3.70550457e-02  4.37656919e-03]
 [-4.07545498e-02 -1.52256202e-03]
 [-4.26042864e-02 -7.42168358e-03]
 [-4.63037998e-02 -1.18460362e-02]
 [-4.63037845e-02 -1.47955926e-02]
 [-4.63037845e-02 -1.47955926e-02]
 [-4.26042407e-02 -1.62703513e-02]
 [-3.52051407e-02 -2.21694252e-02]
 [-3.15055752e-02 -2.80685180e-02]
 [-2.59562643e-02 -2.95432670e-02]
 [-2.41065039e-02 -2.80684795e-02]
 [-2.04069686e-02 -2.80684606e-02]
 [-2.41065270e-02 -2.36441456e-02]
 [-2.59563102e-02 -2.06945989e-02]
 [-2.59563330e-02 -1.62702654e-02]
 [-2.78061076e-02 -1.47954967e-02]
 [-2.96558922e-02 -1.18459502e-02]
 [-3.15056666e-02 -1.03711825e-02]
 [-3.15056819e-02 -7.42162614e-03]
 [-3.15056896e-02 -5.94684796e-03]
 [-2.96559150e-02 -7.42161668e-03]
 [-2.41066032e-02 -8.89636611e-03]
 [-1.48577348e-02 -1.47954298e-02]
 [-7.45864174e-03 -1.92197262e-02]
 [-1.90933084e-03 -2.06944751e-02]
 [ 3.63998002e-03 -2.21692247e-02]
 [ 9.18927519e-03 -2.06944179e-02]
 [ 1.47385867e-02 -2.21691674e-02]
 [ 2.02878962e-02 -2.36439164e-02]
 [ 2.02878883e-02 -2.21691385e-02]
 [ 1.65883303e-02 -1.77448243e-02]
 [ 1.28887877e-02 -1.62700649e-02]
 [ 7.33948467e-03 -1.62700938e-02]
 [ 5.48972465e-03 -1.77448814e-02]
 [ 7.33950005e-03 -1.92196496e-02]
 [ 9.18925254e-03 -1.62700841e-02]
 [ 1.65883075e-02 -1.33204901e-02]
 [ 2.21375873e-02 -8.89612748e-03]
 [ 2.58371071e-02 -5.94655200e-03]
 [ 3.13863957e-02 -2.99696789e-03]
 [ 3.13863957e-02 -2.99696789e-03]
 [ 3.32361788e-02 -5.94651415e-03]
 [ 3.50859453e-02 -5.94650459e-03]
 [ 3.50859529e-02 -7.42128278e-03]
 [ 3.69357206e-02 -7.42127322e-03]
 [ 4.24850244e-02 -7.42124446e-03]
 [ 4.80343189e-02 -5.94643788e-03]
 [ 5.72831571e-02 -5.94638982e-03]
 [ 6.09826779e-02 -2.99681546e-03]]

point2
[[-0.00675259 -0.07894522]
 [-0.00675259 -0.07894522]
 [-0.00860236 -0.07894522]
 [-0.01045213 -0.07747045]
 [-0.01230191 -0.07452089]
 [-0.01785121 -0.07599568]
 [-0.00120334 -0.05682349]
 [ 0.00619571 -0.04944957]
 [ 0.00989524 -0.04355044]
 [ 0.011745   -0.03912609]
 [ 0.01544452 -0.03322696]
 [ 0.01729427 -0.02732783]
 [ 0.0209938  -0.02290348]
 [ 0.02839285 -0.01552956]
 [ 0.03024261 -0.01257999]
 [ 0.03024261 -0.01110521]
 [ 0.0302426  -0.00668087]
 [ 0.03209236 -0.00078174]
 [ 0.03394211  0.00511739]
 [ 0.03764163  0.01101652]
 [ 0.04134116  0.01396609]
 [ 0.04319093  0.01544087]
 [ 0.04319093  0.01544087]
 [ 0.04319093  0.01544087]
 [ 0.04319093  0.01544087]
 [ 0.03949139  0.01544086]
 [ 0.03394209  0.01544085]
 [ 0.03209231  0.01839041]
 [ 0.02839278  0.0183904 ]
 [ 0.02654301  0.0183904 ]
 [ 0.02469324  0.01986518]
 [ 0.02284347  0.02133995]
 [ 0.02284346  0.02428951]
 [ 0.02099369  0.02428951]
 [ 0.01729416  0.0242895 ]
 [ 0.0154444   0.02133993]
 [ 0.01174487  0.01839037]
 [ 0.00989511  0.0154408 ]
 [ 0.00619558  0.01396601]
 [ 0.00434582  0.01101645]
 [ 0.00249605  0.00806688]
 [ 0.00064629  0.00659209]
 [-0.00120347  0.00364253]
 [-0.00120346  0.00069297]
 [ 0.00064631 -0.00078181]
 [ 0.00434584 -0.0007818 ]
 [ 0.00619561  0.00069298]
 [ 0.0061956   0.00216776]
 [ 0.0061956   0.00216776]
 [ 0.0061956   0.00216776]
 [ 0.0061956   0.00216776]
 [ 0.0061956   0.00216776]
 [ 0.0061956   0.00216776]
 [ 0.00989514  0.00216777]
 [ 0.0061956   0.00216776]
 [ 0.00434584  0.00216776]
 [ 0.00064629  0.00511731]
 [-0.00305324  0.00511731]
 [-0.01045231  0.00511729]
 [-0.01600162  0.00659206]
 [-0.02340069  0.00659204]
 [-0.02894999  0.00511725]
 [-0.03449928  0.00216767]
 [-0.04004859  0.00216766]
 [-0.04559789  0.00364243]
 [-0.04374813  0.006592  ]
 [-0.03819884  0.00954157]
 [-0.03449931  0.01249114]
 [-0.03264955  0.01544071]
 [-0.02895002  0.01839028]
 [-0.02895002  0.01839028]
 [-0.02895002  0.01839028]
 [-0.03079979  0.01986506]
 [-0.03264956  0.01986505]
 [-0.03449932  0.01839027]
 [-0.03449932  0.01839027]
 [-0.03449932  0.01839027]
 [-0.03634909  0.01986504]
 [-0.03819886  0.0228146 ]
 [-0.03819887  0.02428938]
 [-0.04004864  0.02428938]
 [-0.0418984   0.02428937]
 [-0.0418984   0.02281459]]

point3
[[-0.06227518  0.06805787]
 [-0.04932682  0.06510828]
 [-0.040078    0.06215871]
 [-0.03822823  0.0621587 ]
 [-0.040078    0.06068395]
 [-0.04562732  0.05920921]
 [-0.04747708  0.05920922]
 [-0.05117663  0.05625971]
 [-0.05672595  0.05331022]
 [-0.06042551  0.04888595]
 [-0.06412507  0.04446168]
 [-0.06597485  0.04151216]
 [-0.06782462  0.04003741]
 [-0.0696744   0.03856265]
 [-0.07152417  0.0370879 ]
 [-0.07337394  0.03708791]
 [-0.07152417  0.0370879 ]
 [-0.06782464  0.03708788]
 [-0.0641251   0.03708786]
 [-0.05857581  0.03561307]
 [-0.05302653  0.03118876]
 [-0.04562748  0.02676444]
 [-0.03822843  0.02234011]
 [-0.03082938  0.01791579]
 [-0.02343032  0.01496623]
 [-0.0141815   0.01054189]
 [-0.00678244  0.00759233]
 [ 0.00246638  0.00464276]
 [ 0.00986543  0.00021844]
 [ 0.01541472 -0.00273112]
 [ 0.020964   -0.00715543]
 [ 0.0265133  -0.00863022]
 [ 0.02836306 -0.010105  ]
 [ 0.03021282 -0.01157977]
 [ 0.03021281 -0.01305453]
 [ 0.04871049 -0.01305462]
 [ 0.05241003 -0.01157987]
 [ 0.05241003 -0.01305464]
 [ 0.0487105  -0.01157986]
 [ 0.04316119 -0.01157983]
 [ 0.03761189 -0.0115798 ]
 [ 0.03206259 -0.01157977]
 [ 0.03021283 -0.010105  ]
 [ 0.02836306 -0.010105  ]
 [ 0.02651328 -0.01157975]
 [ 0.02466351 -0.0130545 ]
 [ 0.02466349 -0.01600403]
 [ 0.02651324 -0.02042832]
 [ 0.02651322 -0.02337785]
 [ 0.02836298 -0.02632738]
 [ 0.03021273 -0.02927692]
 [ 0.03206249 -0.03075169]
 [ 0.03576202 -0.03222647]
 [ 0.03761178 -0.03370124]
 [ 0.04131132 -0.03370126]
 [ 0.04316108 -0.03517603]
 [ 0.04131129 -0.03960031]
 [ 0.03946152 -0.0396003 ]
 [ 0.03946152 -0.0396003 ]
 [ 0.03761174 -0.04107505]
 [ 0.03946152 -0.0396003 ]
 [ 0.03946153 -0.03812554]
 [ 0.03761177 -0.035176  ]
 [ 0.03576201 -0.03517599]
 [ 0.03206248 -0.03370121]
 [ 0.03021271 -0.03370121]
 [ 0.02651319 -0.03075166]
 [ 0.02096389 -0.02927687]
 [ 0.01356483 -0.02632731]
 [ 0.02466346 -0.02190308]
 [ 0.02096394 -0.0204283 ]
 [ 0.01356488 -0.01747873]
 [ 0.00986535 -0.01600395]
 [ 0.00431605 -0.01600393]
 [ 0.00061651 -0.01600391]
 [-0.00308303 -0.01600389]
 [-0.00678256 -0.01600387]
 [-0.00863232 -0.0145291 ]
 [-0.00863231 -0.01305434]
 [-0.00863231 -0.01157957]
 [-0.00863231 -0.01305434]]

point4
[[ 0.05166575 -0.10432664]
 [ 0.05166576 -0.0984276 ]
 [ 0.04796624 -0.08957903]
 [ 0.04426672 -0.08367999]
 [ 0.03686766 -0.07630618]
 [ 0.03316813 -0.07188189]
 [ 0.0294686  -0.06745761]
 [ 0.02761884 -0.06450808]
 [ 0.0239193  -0.06303332]
 [ 0.01837001 -0.05860903]
 [ 0.01837001 -0.05565951]
 [ 0.01652025 -0.05123522]
 [ 0.01652025 -0.05123522]
 [ 0.01282072 -0.04976046]
 [ 0.01097096 -0.04681093]
 [ 0.01097096 -0.04681093]
 [ 0.01097096 -0.04533617]
 [ 0.00912119 -0.04533617]
 [ 0.00542166 -0.04238664]
 [ 0.00172213 -0.03943712]
 [-0.0075267  -0.03648758]
 [-0.01492577 -0.03353805]
 [-0.0186253  -0.03206328]
 [-0.02232484 -0.03206328]
 [-0.02417461 -0.03206327]
 [-0.02602438 -0.03501279]
 [-0.02602438 -0.03353803]
 [-0.02602438 -0.03206327]
 [-0.02602438 -0.03206327]
 [-0.0241746  -0.02763899]
 [-0.02602436 -0.02173995]
 [-0.02602435 -0.01731567]
 [-0.02602434 -0.01141663]
 [-0.02602433 -0.00699235]
 [-0.02972386 -0.00109331]
 [-0.00937637  0.02102806]
 [-0.0130759   0.02545234]
 [-0.02787404  0.02840189]
 [-0.01862519  0.03725044]
 [-0.02047495  0.04167472]
 [-0.02787401  0.04462425]
 [-0.02417447  0.04757376]
 [-0.02972377  0.05199805]
 [-0.02417445  0.05937184]
 [-0.02602421  0.06232136]
 [-0.02417444  0.06527088]
 [-0.02602421  0.06527088]
 [-0.0204749   0.0682204 ]
 [-0.01492559  0.07264467]
 [-0.01307581  0.0785437 ]
 [-0.00937627  0.08149322]
 [ 0.01652051  0.09919029]
 [ 0.01652052  0.10213981]
 [ 0.03501822  0.11541262]
 [ 0.03501822  0.11688738]
 [ 0.03501822  0.11836214]
 [ 0.03131869  0.11688738]
 [ 0.03131869  0.11688738]]

