[dN, dE]

------------------------------------point1
[[-2.92572666e-03  2.21952748e-03]
 [-8.10505299e-03 -2.49979076e-03]
 [-2.55576331e-03  1.54839243e-04]
 [-2.55578527e-03  4.57917389e-03]
 [-7.36516802e-03  2.07202757e-03]
 [ 7.73825560e-04 -1.17244583e-03]
 [ 1.32875839e-03 -1.76235442e-03]
 [-3.29566742e-03 -2.87596966e-04]
 [-1.81586615e-03  2.07205522e-03]
 [ 1.14376795e-03  1.03972404e-03]
 [-1.07594978e-03  4.49801201e-04]
 [-4.03557181e-03 -1.17246978e-03]
 [-3.66561813e-03 -1.02498809e-03]
 [-4.40552347e-03 -1.17247131e-03]
 [-2.18580042e-03 -1.61489228e-03]
 [-1.44590895e-03  1.33466751e-03]
 [-4.03559300e-03  3.10438804e-03]
 [-2.92572832e-03  2.51448215e-03]
 [-7.05999614e-04  1.03971513e-03]
 [-2.55576457e-03  4.49793817e-04]
 [-2.55578362e-03  4.28421922e-03]
 [-4.22058022e-03  5.46403185e-03]
 [-3.85061347e-03  2.95691156e-03]
 [ 9.58791122e-04  1.03972342e-03]
 [-1.07596013e-03  2.51449124e-03]
 [ 4.03854924e-04  2.21954387e-03]
 [-3.11070538e-03  2.51448125e-03]
 [ 1.51372667e-03  7.38193538e-06]
 [-8.90958573e-04 -2.49975492e-03]
 [ 5.88852364e-04 -1.90983550e-03]
 [ 9.58802677e-04 -1.31992185e-03]
 [ 2.06866470e-03 -1.76235082e-03]
 [ 3.17853296e-03 -3.23712314e-03]
 [ 4.28838109e-03 -5.82515858e-04]
 [ 3.54848403e-03 -2.49973286e-03]
 [ 5.88868495e-04 -5.15434700e-03]
 [ 4.03873028e-04 -1.46740202e-03]
 [-3.48065320e-03  1.33465770e-03]
 [ 1.14376795e-03  1.03972404e-03]
 [ 2.62360823e-03 -4.26947030e-03]
 [ 5.76820691e-03 -2.79467589e-03]
 [ 4.47335557e-03 -1.40080858e-04]
 [-2.00082557e-03 -1.17245961e-03]
 [-2.00081270e-03 -3.82705880e-03]
 [ 2.06865948e-03 -7.30004129e-04]
 [ 7.43299654e-03 -2.79466761e-03]
 [ 1.29822942e-02 -1.61481635e-03]
 [ 4.28835383e-03  4.87416251e-03]
 [ 7.73835026e-04 -3.08965802e-03]
 [ 4.47337754e-03 -4.56441551e-03]
 [ 1.14378842e-03 -3.08965631e-03]
 [ 2.43859565e-03  2.95694318e-03]
 [-3.36055850e-04  2.95692940e-03]
 [ 4.10341795e-03 -3.23711892e-03]
 [ 2.06866619e-03 -2.05730512e-03]
 [ 2.06866036e-03 -8.77481976e-04]
 [ 3.17851369e-03  5.97301984e-04]
 [-7.06016513e-04  4.43170579e-03]
 [-2.92573321e-03  3.54682810e-03]
 [ 3.39048376e-05  1.62963049e-03]]

------------------------------------point2
[[ 5.05951450e-03 -5.23442327e-03]
 [ 5.61444214e-03 -3.90712128e-03]
 [ 3.39472065e-03 -3.46469000e-03]
 [ 3.57969774e-03 -3.61216973e-03]
 [ 3.76467778e-03 -5.67686060e-03]
 [ 1.17499289e-03 -7.26989482e-05]
 [-3.04820630e-04  7.47759635e-05]
 [ 8.05046394e-04 -3.75965224e-03]
 [ 1.91490694e-03 -3.90712757e-03]
 [ 3.76467621e-03 -4.79199242e-03]
 [ 2.09987900e-03 -1.25252073e-03]
 [ 4.87453129e-03 -1.84242837e-03]
 [-1.22970521e-03  6.64686930e-04]
 [-3.26444747e-03 -1.25253047e-03]
 [-1.04472859e-03  6.64687180e-04]
 [ 6.51312646e-05  8.12166803e-04]
 [ 8.05039708e-04  7.47778351e-05]
 [-2.89449636e-03  5.17206566e-04]
 [ 6.20064280e-04 -8.10090594e-04]
 [-1.22970717e-03  1.54955753e-03]
 [ 9.90018530e-04 -1.40000054e-03]
 [ 6.16936983e-03 -2.13738147e-03]
 [ 4.13462605e-03 -2.57982026e-03]
 [ 8.05036027e-04  1.99199362e-03]
 [-5.29920620e-03  7.15371570e-03]
 [-2.89450699e-03  6.41633046e-03]
 [-8.59757903e-04  3.90920688e-03]
 [-2.89449636e-03  5.17206566e-04]
 [-4.37431705e-03  3.90920047e-03]
 [-1.41468495e-03  1.69703411e-03]
 [-1.96961522e-03  2.28694641e-03]
 [-3.81938153e-03  1.40207294e-03]
 [-2.33956947e-03  2.28694572e-03]
 [ 8.05032980e-04  3.61425232e-03]
 [ 5.05950674e-03 -9.57560034e-04]
 [ 6.72430518e-03 -5.52937736e-03]
 [ 4.68956034e-03 -4.79199099e-03]
 [ 3.76466920e-03 -8.10084959e-04]
 [-2.15459310e-03  2.43442400e-03]
 [ 2.50100076e-04  4.64659956e-03]
 [-1.22971526e-03  6.26885542e-03]
 [-4.74426842e-03  2.87685209e-03]
 [-3.44942572e-03  2.22249758e-04]
 [ 1.54495431e-03 -4.05460610e-03]
 [ 3.57969855e-03 -3.90712486e-03]
 [ 3.02476133e-03 -7.26956174e-05]
 [-3.26445285e-03  1.84450946e-03]
 [-5.48417328e-03  2.13946252e-03]
 [-6.22408477e-03  4.49911019e-03]
 [-4.55929660e-03  5.38398117e-03]
 [-1.22970596e-03  9.59645040e-04]
 [-1.04472395e-03 -2.13739464e-03]
 [ 6.51404744e-05 -4.34956592e-03]
 [-3.04819549e-04 -6.62614464e-04]
 [ 2.09987119e-03  3.02434418e-03]
 [-3.44943487e-03  5.38398313e-03]
 [-4.89800038e-04  1.54955871e-03]
 [-2.52454858e-03  3.90920371e-03]
 [-1.96961571e-03  2.43442416e-03]
 [ 9.90013686e-04  1.10712607e-03]
 [-6.74770789e-04 -1.98991648e-03]
 [ 3.94965456e-03 -5.97181789e-03]
 [ 6.20072671e-04 -5.38191092e-03]
 [-4.89794433e-04 -1.54748094e-03]
 [-2.15459227e-03  1.99198824e-03]
 [-2.15459105e-03  1.40207574e-03]
 [-1.04473384e-03  3.46677115e-03]
 [-6.74773429e-04 -6.62615145e-04]
 [-1.22970050e-03 -1.98991761e-03]
 [-4.89790572e-04 -3.75965437e-03]
 [ 6.51341425e-05 -8.10091525e-04]]

------------------------------------point3
[[-0.05784736  0.04256343]
 [-0.05433282  0.0382866 ]
 [-0.05414784  0.03976137]
 [-0.05118822  0.03725426]
 [-0.04656381  0.0362219 ]
 [-0.0474887   0.03415723]
 [-0.04656381  0.03548452]
 [-0.03916476  0.03238748]
 [-0.03990468  0.02973291]
 [-0.0356502   0.03076522]
 [ 0.02243234 -0.00300713]
 [ 0.02224736 -0.00330208]
 [ 0.01669806 -0.00315458]
 [ 0.01780791 -0.00403944]
 [ 0.01447831 -0.00949604]
 [ 0.01225859 -0.0090536 ]
 [ 0.01151867 -0.01008593]
 [ 0.00837408 -0.00861116]
 [ 0.00763417 -0.00846368]
 [ 0.00467455 -0.00743133]
 [ 0.00541444 -0.00905357]
 [ 0.00522948 -0.0069889 ]
 [ 0.00596938 -0.00713638]
 [ 0.0057844  -0.00861114]
 [ 0.00929896 -0.00875864]
 [ 0.00929895 -0.00964349]
 [ 0.00633932 -0.00993843]
 [ 0.00744918 -0.01008591]
 [ 0.00763417 -0.00934853]
 [ 0.00874403 -0.00905358]
 [ 0.008929   -0.0102334 ]
 [ 0.00966891 -0.00934854]
 [ 0.00744919 -0.00920105]
 [ 0.00596938 -0.00757881]
 [ 0.00522948 -0.00684143]
 [ 0.00374966 -0.00713637]
 [ 0.00356468 -0.00802123]
 [ 0.01059379 -0.00905359]
 [ 0.01170366 -0.00757884]
 [ 0.01336845 -0.00861118]
 [ 0.01336845 -0.00875866]
 [ 0.01188865 -0.00536669]
 [ 0.00948395 -0.00698892]
 [ 0.0059694  -0.00448181]
 [ 0.00855907 -0.00477677]
 [ 0.01040883 -0.00580912]
 [ 0.00707926 -0.00492424]
 [ 0.00726424 -0.00300705]
 [ 0.00485955 -0.00241713]
 [ 0.0059694  -0.00374443]
 [ 0.01281353 -0.00654651]
 [ 0.01521822 -0.00861119]
 [ 0.0144783  -0.00993847]
 [ 0.01540319 -0.00949605]
 [ 0.01466328 -0.00920109]
 [ 0.00337971 -0.00787375]
 [ 0.00781916 -0.00595658]
 [ 0.00633936 -0.00344948]
 [ 0.00837409 -0.00639901]]

------------------------------------point4
[[-3.69959888e-04 -3.91041930e-03]
 [ 1.66478097e-03 -5.68013464e-03]
 [-3.69960542e-04 -4.20537042e-03]
 [-2.03474984e-03 -2.73060766e-03]
 [-3.32958486e-03 -1.10836725e-03]
 [-1.29483955e-03 -1.10837152e-03]
 [ 2.40468831e-03 -5.38518275e-03]
 [ 2.21970638e-03 -8.18722713e-03]
 [-2.21972870e-03 -3.91041629e-03]
 [-1.84976152e-03  3.75833699e-03]
 [ 3.32957726e-03 -2.73061741e-03]
 [-1.29484530e-03 -4.35284479e-03]
 [-2.40470841e-03 -5.23769799e-03]
 [-3.14462073e-03 -8.33469252e-03]
 [ 3.51455219e-03 -3.61547359e-03]
 [ 3.69951184e-04 -1.40332719e-03]
 [-9.24885596e-04 -8.13420291e-04]
 [-5.54933487e-04 -1.25584998e-03]
 [-2.03475276e-03 -4.50031893e-03]
 [-1.47982213e-03 -4.50031952e-03]
 [-2.58967618e-03 -6.65941623e-04]
 [ 1.29483818e-03  2.18906594e-04]
 [-3.69951901e-04  5.13863196e-04]
 [-2.40470121e-03 -1.25584687e-03]
 [-2.77466306e-03 -5.97507771e-03]
 [-3.88451632e-03 -1.69827076e-03]
 [-1.66479268e-03 -3.70992569e-04]
 [-1.47981639e-03 -1.25584857e-03]
 [-4.06949101e-03 -9.60890183e-04]
 [-4.43944492e-03 -8.13413843e-04]
 [-2.77464918e-03  1.54619873e-03]
 [-2.58967273e-03  1.25124748e-03]
 [-1.29483260e-03  2.72600502e-03]
 [-3.14459930e-03  3.31591092e-03]
 [-2.95962213e-03  3.16843471e-03]
 [ 1.84981188e-04  2.28357332e-03]
 [ 5.54932610e-04  1.25124158e-03]
 [-2.40469567e-03  1.69367352e-03]
 [-5.54925110e-04  3.16843009e-03]
 [ 7.02911581e-03 -1.69829047e-03]
 [ 4.25447238e-03  3.02094607e-03]
 [ 4.06949300e-03  1.98861530e-03]
 [ 2.58967962e-03  2.72599793e-03]
 [ 3.69954499e-04  3.66383984e-04]
 [ 3.88451359e-03  7.14262285e-05]
 [ 4.06949399e-03  2.72599491e-03]
 [ 3.88451995e-03  3.75832660e-03]
 [ 1.29484433e-03  3.46337978e-03]
 [ 4.62442612e-03  4.05327635e-03]
 [ 4.43944671e-03  2.13608961e-03]
 [ 8.50893858e-03  3.16841339e-03]
 [-7.39896781e-04  5.52804894e-03]
 [-1.84976405e-03  2.43105487e-03]
 [-5.36431531e-03  6.26543701e-03]
 [-7.39902031e-04  2.72600378e-03]
 [ 1.84977658e-03  5.08561504e-03]
 [ 3.14461013e-03  2.43104585e-03]
 [ 1.10985909e-03 -5.18473067e-04]
 [-1.29482941e-03  4.34824059e-03]
 [-1.47980726e-03  3.75833653e-03]
 [ 7.39911493e-04  2.43105011e-03]
 [-7.39910012e-04 -1.69827639e-03]
 [ 1.84978755e-04  8.08813541e-04]
 [ 3.32958564e-03  1.69366266e-03]]

